0.000000e+00
0.000000e+00
0.000000e+00
9.226811e-04
-9.226774e-04
0.000000e+00
1.373401e-03
-1.373403e-03
5.488033e-04
-5.487976e-04
0.000000e+00
-4.238872e-03
4.238873e-03
0.000000e+00
5.488033e-04
-5.487976e-04
-4.238872e-03
4.238873e-03
0.000000e+00
0.000000e+00
-9.226774e-04
9.226811e-04
0.000000e+00
0.000000e+00
0.000000e+00
-1.373403e-03
1.373401e-03
0.000000e+00
0.000000e+00
1.393988e-03
-1.393985e-03
1.393988e-03
-1.393985e-03
0.000000e+00
0.000000e+00
0.000000e+00
0.000000e+00
0.000000e+00
0.000000e+00
0.000000e+00
0.000000e+00
0.000000e+00
0.000000e+00
0.000000e+00
0.000000e+00
0.000000e+00
9.226811e-04
-9.226774e-04
0.000000e+00
1.373401e-03
-1.373403e-03
5.488033e-04
-5.487976e-04
0.000000e+00
-4.238872e-03
4.238873e-03
0.000000e+00
5.488033e-04
-5.487976e-04
-4.238872e-03
4.238873e-03
0.000000e+00
0.000000e+00
-9.226774e-04
9.226811e-04
0.000000e+00
0.000000e+00
0.000000e+00
-1.373403e-03
1.373401e-03
0.000000e+00
0.000000e+00
1.393988e-03
-1.393985e-03
1.393988e-03
-1.393985e-03
0.000000e+00
0.000000e+00
0.000000e+00
0.000000e+00
0.000000e+00
0.000000e+00
0.000000e+00
0.000000e+00
0.000000e+00
0.000000e+00
0.000000e+00
0.000000e+00
9.226811e-04
-9.226774e-04
0.000000e+00
1.373401e-03
-1.373403e-03
5.488033e-04
-5.487976e-04
0.000000e+00
-4.238872e-03
4.238873e-03
0.000000e+00
5.488033e-04
-5.487976e-04
-4.238872e-03
4.238873e-03
0.000000e+00
0.000000e+00
-9.226774e-04
9.226811e-04
0.000000e+00
0.000000e+00
0.000000e+00
-1.373403e-03
1.373401e-03
0.000000e+00
0.000000e+00
1.393988e-03
-1.393985e-03
1.393988e-03
-1.393985e-03
0.000000e+00
0.000000e+00
0.000000e+00
0.000000e+00
0.000000e+00
0.000000e+00
0.000000e+00
0.000000e+00
0.000000e+00
0.000000e+00
0.000000e+00
9.226811e-04
9.226811e-04
2.296083e-03
-1.373403e-03
1.471472e-03
-5.487976e-04
9.226811e-04
-3.316196e-03
4.238873e-03
9.226811e-04
1.471472e-03
-5.487976e-04
-3.316196e-03
4.238873e-03
9.226811e-04
9.226811e-04
9.226811e-04
9.226811e-04
9.226811e-04
9.226811e-04
-1.373403e-03
2.296083e-03
9.226811e-04
9.226811e-04
2.316657e-03
-1.393985e-03
2.316657e-03
-1.393985e-03
9.226811e-04
9.226811e-04
9.226811e-04
9.226811e-04
9.226811e-04
9.226811e-04
9.226811e-04
9.226811e-04
9.226811e-04
9.226811e-04
9.226811e-04
-9.226774e-04
-9.226774e-04
-9.226774e-04
-9.226774e-04
-9.226774e-04
-9.226774e-04
-9.226774e-04
-9.226774e-04
-9.226774e-04
-9.226774e-04
-9.226774e-04
-9.226774e-04
-9.226774e-04
-9.226774e-04
-9.226774e-04
-9.226774e-04
-9.226774e-04
-9.226774e-04
-9.226774e-04
-9.226774e-04
-9.226774e-04
-9.226774e-04
-9.226774e-04
-9.226774e-04
-9.226774e-04
-9.226774e-04
-9.226774e-04
-9.226774e-04
-9.226774e-04
-9.226774e-04
-9.226774e-04
0.000000e+00
1.373401e-03
-1.373403e-03
5.488033e-04
-5.487976e-04
0.000000e+00
-4.238872e-03
4.238873e-03
0.000000e+00
5.488033e-04
-5.487976e-04
-4.238872e-03
4.238873e-03
0.000000e+00
0.000000e+00
-9.226774e-04
9.226811e-04
0.000000e+00
0.000000e+00
0.000000e+00
-1.373403e-03
1.373401e-03
0.000000e+00
0.000000e+00
1.393988e-03
-1.393985e-03
1.393988e-03
-1.393985e-03
0.000000e+00
0.000000e+00
0.000000e+00
0.000000e+00
0.000000e+00
0.000000e+00
0.000000e+00
0.000000e+00
0.000000e+00
0.000000e+00
0.000000e+00
1.373401e-03
1.922202e-03
-5.487976e-04
1.373401e-03
-2.865471e-03
4.238873e-03
1.373401e-03
1.922202e-03
-5.487976e-04
-2.865471e-03
4.238873e-03
1.373401e-03
1.373401e-03
-9.226774e-04
2.296083e-03
1.373401e-03
1.373401e-03
1.373401e-03
1.373401e-03
1.373401e-03
1.373401e-03
2.767387e-03
-1.393985e-03
2.767387e-03
-1.393985e-03
1.373401e-03
1.373401e-03
1.373401e-03
1.373401e-03
1.373401e-03
1.373401e-03
1.373401e-03
1.373401e-03
1.373401e-03
1.373401e-03
1.373401e-03
-1.373403e-03
-1.373403e-03
-1.373403e-03
-1.373403e-03
-1.373403e-03
-1.373403e-03
-1.373403e-03
-1.373403e-03
-1.373403e-03
-1.373403e-03
-1.373403e-03
-1.373403e-03
-1.373403e-03
-1.373403e-03
-1.373403e-03
-1.373403e-03
-1.373403e-03
-1.373403e-03
-1.373403e-03
-1.373403e-03
-1.373403e-03
-1.373403e-03
-1.373403e-03
-1.373403e-03
-1.373403e-03
-1.373403e-03
-1.373403e-03
-1.373403e-03
-1.373403e-03
5.488033e-04
5.488033e-04
-3.690060e-03
4.238873e-03
5.488033e-04
5.488033e-04
-3.690060e-03
4.238873e-03
5.488033e-04
5.488033e-04
-9.226774e-04
1.471472e-03
5.488033e-04
5.488033e-04
5.488033e-04
-1.373403e-03
1.922202e-03
5.488033e-04
5.488033e-04
1.942790e-03
-1.393985e-03
1.942790e-03
-1.393985e-03
5.488033e-04
5.488033e-04
5.488033e-04
5.488033e-04
5.488033e-04
5.488033e-04
5.488033e-04
5.488033e-04
5.488033e-04
5.488033e-04
5.488033e-04
-5.487976e-04
-5.487976e-04
-5.487976e-04
-5.487976e-04
-5.487976e-04
-5.487976e-04
-5.487976e-04
-5.487976e-04
-5.487976e-04
-5.487976e-04
-5.487976e-04
-5.487976e-04
-5.487976e-04
-5.487976e-04
-5.487976e-04
-5.487976e-04
-5.487976e-04
-5.487976e-04
-5.487976e-04
-5.487976e-04
-5.487976e-04
-5.487976e-04
-5.487976e-04
-5.487976e-04
-5.487976e-04
-5.487976e-04
-5.487976e-04
-5.487976e-04
0.000000e+00
-4.238872e-03
4.238873e-03
0.000000e+00
5.488033e-04
-5.487976e-04
-4.238872e-03
4.238873e-03
0.000000e+00
0.000000e+00
-9.226774e-04
9.226811e-04
0.000000e+00
0.000000e+00
0.000000e+00
-1.373403e-03
1.373401e-03
0.000000e+00
0.000000e+00
1.393988e-03
-1.393985e-03
1.393988e-03
-1.393985e-03
0.000000e+00
0.000000e+00
0.000000e+00
0.000000e+00
0.000000e+00
0.000000e+00
0.000000e+00
0.000000e+00
0.000000e+00
0.000000e+00
0.000000e+00
-4.238872e-03
-4.238872e-03
-3.690060e-03
-5.487976e-04
-4.238872e-03
-4.238872e-03
-4.238872e-03
-9.226774e-04
-3.316196e-03
-4.238872e-03
-4.238872e-03
-4.238872e-03
-1.373403e-03
-2.865471e-03
-4.238872e-03
-4.238872e-03
-2.844877e-03
-1.393985e-03
-2.844877e-03
-1.393985e-03
-4.238872e-03
-4.238872e-03
-4.238872e-03
-4.238872e-03
-4.238872e-03
-4.238872e-03
-4.238872e-03
-4.238872e-03
-4.238872e-03
-4.238872e-03
-4.238872e-03
4.238873e-03
4.238873e-03
4.238873e-03
4.238873e-03
4.238873e-03
4.238873e-03
4.238873e-03
4.238873e-03
4.238873e-03
4.238873e-03
4.238873e-03
4.238873e-03
4.238873e-03
4.238873e-03
4.238873e-03
4.238873e-03
4.238873e-03
4.238873e-03
4.238873e-03
4.238873e-03
4.238873e-03
4.238873e-03
4.238873e-03
4.238873e-03
4.238873e-03
4.238873e-03
0.000000e+00
5.488033e-04
-5.487976e-04
-4.238872e-03
4.238873e-03
0.000000e+00
0.000000e+00
-9.226774e-04
9.226811e-04
0.000000e+00
0.000000e+00
0.000000e+00
-1.373403e-03
1.373401e-03
0.000000e+00
0.000000e+00
1.393988e-03
-1.393985e-03
1.393988e-03
-1.393985e-03
0.000000e+00
0.000000e+00
0.000000e+00
0.000000e+00
0.000000e+00
0.000000e+00
0.000000e+00
0.000000e+00
0.000000e+00
0.000000e+00
0.000000e+00
5.488033e-04
-3.690060e-03
4.238873e-03
5.488033e-04
5.488033e-04
-9.226774e-04
1.471472e-03
5.488033e-04
5.488033e-04
5.488033e-04
-1.373403e-03
1.922202e-03
5.488033e-04
5.488033e-04
1.942790e-03
-1.393985e-03
1.942790e-03
-1.393985e-03
5.488033e-04
5.488033e-04
5.488033e-04
5.488033e-04
5.488033e-04
5.488033e-04
5.488033e-04
5.488033e-04
5.488033e-04
5.488033e-04
5.488033e-04
-5.487976e-04
-5.487976e-04
-5.487976e-04
-5.487976e-04
-5.487976e-04
-5.487976e-04
-5.487976e-04
-5.487976e-04
-5.487976e-04
-5.487976e-04
-5.487976e-04
-5.487976e-04
-5.487976e-04
-5.487976e-04
-5.487976e-04
-5.487976e-04
-5.487976e-04
-5.487976e-04
-5.487976e-04
-5.487976e-04
-5.487976e-04
-5.487976e-04
-5.487976e-04
-5.487976e-04
-4.238872e-03
-4.238872e-03
-4.238872e-03
-9.226774e-04
-3.316196e-03
-4.238872e-03
-4.238872e-03
-4.238872e-03
-1.373403e-03
-2.865471e-03
-4.238872e-03
-4.238872e-03
-2.844877e-03
-1.393985e-03
-2.844877e-03
-1.393985e-03
-4.238872e-03
-4.238872e-03
-4.238872e-03
-4.238872e-03
-4.238872e-03
-4.238872e-03
-4.238872e-03
-4.238872e-03
-4.238872e-03
-4.238872e-03
-4.238872e-03
4.238873e-03
4.238873e-03
4.238873e-03
4.238873e-03
4.238873e-03
4.238873e-03
4.238873e-03
4.238873e-03
4.238873e-03
4.238873e-03
4.238873e-03
4.238873e-03
4.238873e-03
4.238873e-03
4.238873e-03
4.238873e-03
4.238873e-03
4.238873e-03
4.238873e-03
4.238873e-03
4.238873e-03
4.238873e-03
4.238873e-03
0.000000e+00
0.000000e+00
-9.226774e-04
9.226811e-04
0.000000e+00
0.000000e+00
0.000000e+00
-1.373403e-03
1.373401e-03
0.000000e+00
0.000000e+00
1.393988e-03
-1.393985e-03
1.393988e-03
-1.393985e-03
0.000000e+00
0.000000e+00
0.000000e+00
0.000000e+00
0.000000e+00
0.000000e+00
0.000000e+00
0.000000e+00
0.000000e+00
0.000000e+00
0.000000e+00
0.000000e+00
-9.226774e-04
9.226811e-04
0.000000e+00
0.000000e+00
0.000000e+00
-1.373403e-03
1.373401e-03
0.000000e+00
0.000000e+00
1.393988e-03
-1.393985e-03
1.393988e-03
-1.393985e-03
0.000000e+00
0.000000e+00
0.000000e+00
0.000000e+00
0.000000e+00
0.000000e+00
0.000000e+00
0.000000e+00
0.000000e+00
0.000000e+00
0.000000e+00
-9.226774e-04
-9.226774e-04
-9.226774e-04
-9.226774e-04
-9.226774e-04
-9.226774e-04
-9.226774e-04
-9.226774e-04
-9.226774e-04
-9.226774e-04
-9.226774e-04
-9.226774e-04
-9.226774e-04
-9.226774e-04
-9.226774e-04
-9.226774e-04
-9.226774e-04
-9.226774e-04
-9.226774e-04
-9.226774e-04
9.226811e-04
9.226811e-04
9.226811e-04
9.226811e-04
-1.373403e-03
2.296083e-03
9.226811e-04
9.226811e-04
2.316657e-03
-1.393985e-03
2.316657e-03
-1.393985e-03
9.226811e-04
9.226811e-04
9.226811e-04
9.226811e-04
9.226811e-04
9.226811e-04
9.226811e-04
9.226811e-04
9.226811e-04
9.226811e-04
9.226811e-04
0.000000e+00
0.000000e+00
0.000000e+00
-1.373403e-03
1.373401e-03
0.000000e+00
0.000000e+00
1.393988e-03
-1.393985e-03
1.393988e-03
-1.393985e-03
0.000000e+00
0.000000e+00
0.000000e+00
0.000000e+00
0.000000e+00
0.000000e+00
0.000000e+00
0.000000e+00
0.000000e+00
0.000000e+00
0.000000e+00
0.000000e+00
0.000000e+00
-1.373403e-03
1.373401e-03
0.000000e+00
0.000000e+00
1.393988e-03
-1.393985e-03
1.393988e-03
-1.393985e-03
0.000000e+00
0.000000e+00
0.000000e+00
0.000000e+00
0.000000e+00
0.000000e+00
0.000000e+00
0.000000e+00
0.000000e+00
0.000000e+00
0.000000e+00
0.000000e+00
-1.373403e-03
1.373401e-03
0.000000e+00
0.000000e+00
1.393988e-03
-1.393985e-03
1.393988e-03
-1.393985e-03
0.000000e+00
0.000000e+00
0.000000e+00
0.000000e+00
0.000000e+00
0.000000e+00
0.000000e+00
0.000000e+00
0.000000e+00
0.000000e+00
0.000000e+00
-1.373403e-03
-1.373403e-03
-1.373403e-03
-1.373403e-03
-1.373403e-03
-1.373403e-03
-1.373403e-03
-1.373403e-03
-1.373403e-03
-1.373403e-03
-1.373403e-03
-1.373403e-03
-1.373403e-03
-1.373403e-03
-1.373403e-03
-1.373403e-03
1.373401e-03
1.373401e-03
1.373401e-03
2.767387e-03
-1.393985e-03
2.767387e-03
-1.393985e-03
1.373401e-03
1.373401e-03
1.373401e-03
1.373401e-03
1.373401e-03
1.373401e-03
1.373401e-03
1.373401e-03
1.373401e-03
1.373401e-03
1.373401e-03
0.000000e+00
0.000000e+00
1.393988e-03
-1.393985e-03
1.393988e-03
-1.393985e-03
0.000000e+00
0.000000e+00
0.000000e+00
0.000000e+00
0.000000e+00
0.000000e+00
0.000000e+00
0.000000e+00
0.000000e+00
0.000000e+00
0.000000e+00
0.000000e+00
1.393988e-03
-1.393985e-03
1.393988e-03
-1.393985e-03
0.000000e+00
0.000000e+00
0.000000e+00
0.000000e+00
0.000000e+00
0.000000e+00
0.000000e+00
0.000000e+00
0.000000e+00
0.000000e+00
0.000000e+00
1.393988e-03
1.393988e-03
1.393988e-03
1.393988e-03
1.393988e-03
1.393988e-03
1.393988e-03
1.393988e-03
1.393988e-03
1.393988e-03
1.393988e-03
1.393988e-03
1.393988e-03
-1.393985e-03
-1.393985e-03
-1.393985e-03
-1.393985e-03
-1.393985e-03
-1.393985e-03
-1.393985e-03
-1.393985e-03
-1.393985e-03
-1.393985e-03
-1.393985e-03
-1.393985e-03
-1.393985e-03
1.393988e-03
1.393988e-03
1.393988e-03
1.393988e-03
1.393988e-03
1.393988e-03
1.393988e-03
1.393988e-03
1.393988e-03
1.393988e-03
1.393988e-03
1.393988e-03
-1.393985e-03
-1.393985e-03
-1.393985e-03
-1.393985e-03
-1.393985e-03
-1.393985e-03
-1.393985e-03
-1.393985e-03
-1.393985e-03
-1.393985e-03
-1.393985e-03
-1.393985e-03
0.000000e+00
0.000000e+00
0.000000e+00
0.000000e+00
0.000000e+00
0.000000e+00
0.000000e+00
0.000000e+00
0.000000e+00
0.000000e+00
0.000000e+00
0.000000e+00
0.000000e+00
0.000000e+00
0.000000e+00
0.000000e+00
0.000000e+00
0.000000e+00
0.000000e+00
0.000000e+00
0.000000e+00
0.000000e+00
0.000000e+00
0.000000e+00
0.000000e+00
0.000000e+00
0.000000e+00
0.000000e+00
0.000000e+00
0.000000e+00
0.000000e+00
0.000000e+00
0.000000e+00
0.000000e+00
0.000000e+00
0.000000e+00
0.000000e+00
0.000000e+00
0.000000e+00
0.000000e+00
0.000000e+00
0.000000e+00
0.000000e+00
0.000000e+00
0.000000e+00
0.000000e+00
0.000000e+00
0.000000e+00
0.000000e+00
0.000000e+00
0.000000e+00
0.000000e+00
0.000000e+00
0.000000e+00
0.000000e+00
0.000000e+00
0.000000e+00
0.000000e+00
0.000000e+00
0.000000e+00
0.000000e+00
0.000000e+00
0.000000e+00
0.000000e+00
0.000000e+00
0.000000e+00
