0.000000e+00
0.000000e+00
0.000000e+00
9.980405e-04
-9.980447e-04
0.000000e+00
1.006648e-03
-1.006651e-03
6.222746e-04
-6.222719e-04
0.000000e+00
-3.665825e-03
3.665826e-03
0.000000e+00
6.222746e-04
-6.222719e-04
-3.665825e-03
3.665826e-03
0.000000e+00
0.000000e+00
-9.980447e-04
9.980405e-04
0.000000e+00
0.000000e+00
0.000000e+00
-1.006651e-03
1.006648e-03
0.000000e+00
0.000000e+00
1.038867e-03
-1.038863e-03
1.038867e-03
-1.038863e-03
0.000000e+00
0.000000e+00
0.000000e+00
0.000000e+00
0.000000e+00
0.000000e+00
0.000000e+00
0.000000e+00
0.000000e+00
0.000000e+00
0.000000e+00
0.000000e+00
0.000000e+00
9.980405e-04
-9.980447e-04
0.000000e+00
1.006648e-03
-1.006651e-03
6.222746e-04
-6.222719e-04
0.000000e+00
-3.665825e-03
3.665826e-03
0.000000e+00
6.222746e-04
-6.222719e-04
-3.665825e-03
3.665826e-03
0.000000e+00
0.000000e+00
-9.980447e-04
9.980405e-04
0.000000e+00
0.000000e+00
0.000000e+00
-1.006651e-03
1.006648e-03
0.000000e+00
0.000000e+00
1.038867e-03
-1.038863e-03
1.038867e-03
-1.038863e-03
0.000000e+00
0.000000e+00
0.000000e+00
0.000000e+00
0.000000e+00
0.000000e+00
0.000000e+00
0.000000e+00
0.000000e+00
0.000000e+00
0.000000e+00
0.000000e+00
9.980405e-04
-9.980447e-04
0.000000e+00
1.006648e-03
-1.006651e-03
6.222746e-04
-6.222719e-04
0.000000e+00
-3.665825e-03
3.665826e-03
0.000000e+00
6.222746e-04
-6.222719e-04
-3.665825e-03
3.665826e-03
0.000000e+00
0.000000e+00
-9.980447e-04
9.980405e-04
0.000000e+00
0.000000e+00
0.000000e+00
-1.006651e-03
1.006648e-03
0.000000e+00
0.000000e+00
1.038867e-03
-1.038863e-03
1.038867e-03
-1.038863e-03
0.000000e+00
0.000000e+00
0.000000e+00
0.000000e+00
0.000000e+00
0.000000e+00
0.000000e+00
0.000000e+00
0.000000e+00
0.000000e+00
0.000000e+00
9.980405e-04
9.980405e-04
2.004694e-03
-1.006651e-03
1.620317e-03
-6.222719e-04
9.980405e-04
-2.667785e-03
3.665826e-03
9.980405e-04
1.620317e-03
-6.222719e-04
-2.667785e-03
3.665826e-03
9.980405e-04
9.980405e-04
9.980405e-04
9.980405e-04
9.980405e-04
9.980405e-04
-1.006651e-03
2.004694e-03
9.980405e-04
9.980405e-04
2.036905e-03
-1.038863e-03
2.036905e-03
-1.038863e-03
9.980405e-04
9.980405e-04
9.980405e-04
9.980405e-04
9.980405e-04
9.980405e-04
9.980405e-04
9.980405e-04
9.980405e-04
9.980405e-04
9.980405e-04
-9.980447e-04
-9.980447e-04
-9.980447e-04
-9.980447e-04
-9.980447e-04
-9.980447e-04
-9.980447e-04
-9.980447e-04
-9.980447e-04
-9.980447e-04
-9.980447e-04
-9.980447e-04
-9.980447e-04
-9.980447e-04
-9.980447e-04
-9.980447e-04
-9.980447e-04
-9.980447e-04
-9.980447e-04
-9.980447e-04
-9.980447e-04
-9.980447e-04
-9.980447e-04
-9.980447e-04
-9.980447e-04
-9.980447e-04
-9.980447e-04
-9.980447e-04
-9.980447e-04
-9.980447e-04
-9.980447e-04
0.000000e+00
1.006648e-03
-1.006651e-03
6.222746e-04
-6.222719e-04
0.000000e+00
-3.665825e-03
3.665826e-03
0.000000e+00
6.222746e-04
-6.222719e-04
-3.665825e-03
3.665826e-03
0.000000e+00
0.000000e+00
-9.980447e-04
9.980405e-04
0.000000e+00
0.000000e+00
0.000000e+00
-1.006651e-03
1.006648e-03
0.000000e+00
0.000000e+00
1.038867e-03
-1.038863e-03
1.038867e-03
-1.038863e-03
0.000000e+00
0.000000e+00
0.000000e+00
0.000000e+00
0.000000e+00
0.000000e+00
0.000000e+00
0.000000e+00
0.000000e+00
0.000000e+00
0.000000e+00
1.006648e-03
1.628921e-03
-6.222719e-04
1.006648e-03
-2.659171e-03
3.665826e-03
1.006648e-03
1.628921e-03
-6.222719e-04
-2.659171e-03
3.665826e-03
1.006648e-03
1.006648e-03
-9.980447e-04
2.004694e-03
1.006648e-03
1.006648e-03
1.006648e-03
1.006648e-03
1.006648e-03
1.006648e-03
2.045509e-03
-1.038863e-03
2.045509e-03
-1.038863e-03
1.006648e-03
1.006648e-03
1.006648e-03
1.006648e-03
1.006648e-03
1.006648e-03
1.006648e-03
1.006648e-03
1.006648e-03
1.006648e-03
1.006648e-03
-1.006651e-03
-1.006651e-03
-1.006651e-03
-1.006651e-03
-1.006651e-03
-1.006651e-03
-1.006651e-03
-1.006651e-03
-1.006651e-03
-1.006651e-03
-1.006651e-03
-1.006651e-03
-1.006651e-03
-1.006651e-03
-1.006651e-03
-1.006651e-03
-1.006651e-03
-1.006651e-03
-1.006651e-03
-1.006651e-03
-1.006651e-03
-1.006651e-03
-1.006651e-03
-1.006651e-03
-1.006651e-03
-1.006651e-03
-1.006651e-03
-1.006651e-03
-1.006651e-03
6.222746e-04
6.222746e-04
-3.043558e-03
3.665826e-03
6.222746e-04
6.222746e-04
-3.043558e-03
3.665826e-03
6.222746e-04
6.222746e-04
-9.980447e-04
1.620317e-03
6.222746e-04
6.222746e-04
6.222746e-04
-1.006651e-03
1.628921e-03
6.222746e-04
6.222746e-04
1.661119e-03
-1.038863e-03
1.661119e-03
-1.038863e-03
6.222746e-04
6.222746e-04
6.222746e-04
6.222746e-04
6.222746e-04
6.222746e-04
6.222746e-04
6.222746e-04
6.222746e-04
6.222746e-04
6.222746e-04
-6.222719e-04
-6.222719e-04
-6.222719e-04
-6.222719e-04
-6.222719e-04
-6.222719e-04
-6.222719e-04
-6.222719e-04
-6.222719e-04
-6.222719e-04
-6.222719e-04
-6.222719e-04
-6.222719e-04
-6.222719e-04
-6.222719e-04
-6.222719e-04
-6.222719e-04
-6.222719e-04
-6.222719e-04
-6.222719e-04
-6.222719e-04
-6.222719e-04
-6.222719e-04
-6.222719e-04
-6.222719e-04
-6.222719e-04
-6.222719e-04
-6.222719e-04
0.000000e+00
-3.665825e-03
3.665826e-03
0.000000e+00
6.222746e-04
-6.222719e-04
-3.665825e-03
3.665826e-03
0.000000e+00
0.000000e+00
-9.980447e-04
9.980405e-04
0.000000e+00
0.000000e+00
0.000000e+00
-1.006651e-03
1.006648e-03
0.000000e+00
0.000000e+00
1.038867e-03
-1.038863e-03
1.038867e-03
-1.038863e-03
0.000000e+00
0.000000e+00
0.000000e+00
0.000000e+00
0.000000e+00
0.000000e+00
0.000000e+00
0.000000e+00
0.000000e+00
0.000000e+00
0.000000e+00
-3.665825e-03
-3.665825e-03
-3.043558e-03
-6.222719e-04
-3.665825e-03
-3.665825e-03
-3.665825e-03
-9.980447e-04
-2.667785e-03
-3.665825e-03
-3.665825e-03
-3.665825e-03
-1.006651e-03
-2.659171e-03
-3.665825e-03
-3.665825e-03
-2.626968e-03
-1.038863e-03
-2.626968e-03
-1.038863e-03
-3.665825e-03
-3.665825e-03
-3.665825e-03
-3.665825e-03
-3.665825e-03
-3.665825e-03
-3.665825e-03
-3.665825e-03
-3.665825e-03
-3.665825e-03
-3.665825e-03
3.665826e-03
3.665826e-03
3.665826e-03
3.665826e-03
3.665826e-03
3.665826e-03
3.665826e-03
3.665826e-03
3.665826e-03
3.665826e-03
3.665826e-03
3.665826e-03
3.665826e-03
3.665826e-03
3.665826e-03
3.665826e-03
3.665826e-03
3.665826e-03
3.665826e-03
3.665826e-03
3.665826e-03
3.665826e-03
3.665826e-03
3.665826e-03
3.665826e-03
3.665826e-03
0.000000e+00
6.222746e-04
-6.222719e-04
-3.665825e-03
3.665826e-03
0.000000e+00
0.000000e+00
-9.980447e-04
9.980405e-04
0.000000e+00
0.000000e+00
0.000000e+00
-1.006651e-03
1.006648e-03
0.000000e+00
0.000000e+00
1.038867e-03
-1.038863e-03
1.038867e-03
-1.038863e-03
0.000000e+00
0.000000e+00
0.000000e+00
0.000000e+00
0.000000e+00
0.000000e+00
0.000000e+00
0.000000e+00
0.000000e+00
0.000000e+00
0.000000e+00
6.222746e-04
-3.043558e-03
3.665826e-03
6.222746e-04
6.222746e-04
-9.980447e-04
1.620317e-03
6.222746e-04
6.222746e-04
6.222746e-04
-1.006651e-03
1.628921e-03
6.222746e-04
6.222746e-04
1.661119e-03
-1.038863e-03
1.661119e-03
-1.038863e-03
6.222746e-04
6.222746e-04
6.222746e-04
6.222746e-04
6.222746e-04
6.222746e-04
6.222746e-04
6.222746e-04
6.222746e-04
6.222746e-04
6.222746e-04
-6.222719e-04
-6.222719e-04
-6.222719e-04
-6.222719e-04
-6.222719e-04
-6.222719e-04
-6.222719e-04
-6.222719e-04
-6.222719e-04
-6.222719e-04
-6.222719e-04
-6.222719e-04
-6.222719e-04
-6.222719e-04
-6.222719e-04
-6.222719e-04
-6.222719e-04
-6.222719e-04
-6.222719e-04
-6.222719e-04
-6.222719e-04
-6.222719e-04
-6.222719e-04
-6.222719e-04
-3.665825e-03
-3.665825e-03
-3.665825e-03
-9.980447e-04
-2.667785e-03
-3.665825e-03
-3.665825e-03
-3.665825e-03
-1.006651e-03
-2.659171e-03
-3.665825e-03
-3.665825e-03
-2.626968e-03
-1.038863e-03
-2.626968e-03
-1.038863e-03
-3.665825e-03
-3.665825e-03
-3.665825e-03
-3.665825e-03
-3.665825e-03
-3.665825e-03
-3.665825e-03
-3.665825e-03
-3.665825e-03
-3.665825e-03
-3.665825e-03
3.665826e-03
3.665826e-03
3.665826e-03
3.665826e-03
3.665826e-03
3.665826e-03
3.665826e-03
3.665826e-03
3.665826e-03
3.665826e-03
3.665826e-03
3.665826e-03
3.665826e-03
3.665826e-03
3.665826e-03
3.665826e-03
3.665826e-03
3.665826e-03
3.665826e-03
3.665826e-03
3.665826e-03
3.665826e-03
3.665826e-03
0.000000e+00
0.000000e+00
-9.980447e-04
9.980405e-04
0.000000e+00
0.000000e+00
0.000000e+00
-1.006651e-03
1.006648e-03
0.000000e+00
0.000000e+00
1.038867e-03
-1.038863e-03
1.038867e-03
-1.038863e-03
0.000000e+00
0.000000e+00
0.000000e+00
0.000000e+00
0.000000e+00
0.000000e+00
0.000000e+00
0.000000e+00
0.000000e+00
0.000000e+00
0.000000e+00
0.000000e+00
-9.980447e-04
9.980405e-04
0.000000e+00
0.000000e+00
0.000000e+00
-1.006651e-03
1.006648e-03
0.000000e+00
0.000000e+00
1.038867e-03
-1.038863e-03
1.038867e-03
-1.038863e-03
0.000000e+00
0.000000e+00
0.000000e+00
0.000000e+00
0.000000e+00
0.000000e+00
0.000000e+00
0.000000e+00
0.000000e+00
0.000000e+00
0.000000e+00
-9.980447e-04
-9.980447e-04
-9.980447e-04
-9.980447e-04
-9.980447e-04
-9.980447e-04
-9.980447e-04
-9.980447e-04
-9.980447e-04
-9.980447e-04
-9.980447e-04
-9.980447e-04
-9.980447e-04
-9.980447e-04
-9.980447e-04
-9.980447e-04
-9.980447e-04
-9.980447e-04
-9.980447e-04
-9.980447e-04
9.980405e-04
9.980405e-04
9.980405e-04
9.980405e-04
-1.006651e-03
2.004694e-03
9.980405e-04
9.980405e-04
2.036905e-03
-1.038863e-03
2.036905e-03
-1.038863e-03
9.980405e-04
9.980405e-04
9.980405e-04
9.980405e-04
9.980405e-04
9.980405e-04
9.980405e-04
9.980405e-04
9.980405e-04
9.980405e-04
9.980405e-04
0.000000e+00
0.000000e+00
0.000000e+00
-1.006651e-03
1.006648e-03
0.000000e+00
0.000000e+00
1.038867e-03
-1.038863e-03
1.038867e-03
-1.038863e-03
0.000000e+00
0.000000e+00
0.000000e+00
0.000000e+00
0.000000e+00
0.000000e+00
0.000000e+00
0.000000e+00
0.000000e+00
0.000000e+00
0.000000e+00
0.000000e+00
0.000000e+00
-1.006651e-03
1.006648e-03
0.000000e+00
0.000000e+00
1.038867e-03
-1.038863e-03
1.038867e-03
-1.038863e-03
0.000000e+00
0.000000e+00
0.000000e+00
0.000000e+00
0.000000e+00
0.000000e+00
0.000000e+00
0.000000e+00
0.000000e+00
0.000000e+00
0.000000e+00
0.000000e+00
-1.006651e-03
1.006648e-03
0.000000e+00
0.000000e+00
1.038867e-03
-1.038863e-03
1.038867e-03
-1.038863e-03
0.000000e+00
0.000000e+00
0.000000e+00
0.000000e+00
0.000000e+00
0.000000e+00
0.000000e+00
0.000000e+00
0.000000e+00
0.000000e+00
0.000000e+00
-1.006651e-03
-1.006651e-03
-1.006651e-03
-1.006651e-03
-1.006651e-03
-1.006651e-03
-1.006651e-03
-1.006651e-03
-1.006651e-03
-1.006651e-03
-1.006651e-03
-1.006651e-03
-1.006651e-03
-1.006651e-03
-1.006651e-03
-1.006651e-03
1.006648e-03
1.006648e-03
1.006648e-03
2.045509e-03
-1.038863e-03
2.045509e-03
-1.038863e-03
1.006648e-03
1.006648e-03
1.006648e-03
1.006648e-03
1.006648e-03
1.006648e-03
1.006648e-03
1.006648e-03
1.006648e-03
1.006648e-03
1.006648e-03
0.000000e+00
0.000000e+00
1.038867e-03
-1.038863e-03
1.038867e-03
-1.038863e-03
0.000000e+00
0.000000e+00
0.000000e+00
0.000000e+00
0.000000e+00
0.000000e+00
0.000000e+00
0.000000e+00
0.000000e+00
0.000000e+00
0.000000e+00
0.000000e+00
1.038867e-03
-1.038863e-03
1.038867e-03
-1.038863e-03
0.000000e+00
0.000000e+00
0.000000e+00
0.000000e+00
0.000000e+00
0.000000e+00
0.000000e+00
0.000000e+00
0.000000e+00
0.000000e+00
0.000000e+00
1.038867e-03
1.038867e-03
1.038867e-03
1.038867e-03
1.038867e-03
1.038867e-03
1.038867e-03
1.038867e-03
1.038867e-03
1.038867e-03
1.038867e-03
1.038867e-03
1.038867e-03
-1.038863e-03
-1.038863e-03
-1.038863e-03
-1.038863e-03
-1.038863e-03
-1.038863e-03
-1.038863e-03
-1.038863e-03
-1.038863e-03
-1.038863e-03
-1.038863e-03
-1.038863e-03
-1.038863e-03
1.038867e-03
1.038867e-03
1.038867e-03
1.038867e-03
1.038867e-03
1.038867e-03
1.038867e-03
1.038867e-03
1.038867e-03
1.038867e-03
1.038867e-03
1.038867e-03
-1.038863e-03
-1.038863e-03
-1.038863e-03
-1.038863e-03
-1.038863e-03
-1.038863e-03
-1.038863e-03
-1.038863e-03
-1.038863e-03
-1.038863e-03
-1.038863e-03
-1.038863e-03
0.000000e+00
0.000000e+00
0.000000e+00
0.000000e+00
0.000000e+00
0.000000e+00
0.000000e+00
0.000000e+00
0.000000e+00
0.000000e+00
0.000000e+00
0.000000e+00
0.000000e+00
0.000000e+00
0.000000e+00
0.000000e+00
0.000000e+00
0.000000e+00
0.000000e+00
0.000000e+00
0.000000e+00
0.000000e+00
0.000000e+00
0.000000e+00
0.000000e+00
0.000000e+00
0.000000e+00
0.000000e+00
0.000000e+00
0.000000e+00
0.000000e+00
0.000000e+00
0.000000e+00
0.000000e+00
0.000000e+00
0.000000e+00
0.000000e+00
0.000000e+00
0.000000e+00
0.000000e+00
0.000000e+00
0.000000e+00
0.000000e+00
0.000000e+00
0.000000e+00
0.000000e+00
0.000000e+00
0.000000e+00
0.000000e+00
0.000000e+00
0.000000e+00
0.000000e+00
0.000000e+00
0.000000e+00
0.000000e+00
0.000000e+00
0.000000e+00
0.000000e+00
0.000000e+00
0.000000e+00
0.000000e+00
0.000000e+00
0.000000e+00
0.000000e+00
0.000000e+00
0.000000e+00
