3,1.492790e-01
4,-1.492794e-01
6,2.002940e-01
7,-2.002938e-01
8,1.396300e-01
9,-1.396295e-01
11,-6.979700e-01
12,6.979700e-01
14,1.396300e-01
15,-1.396295e-01
16,-6.979700e-01
17,6.979700e-01
20,-1.492794e-01
21,1.492790e-01
25,-2.002938e-01
26,2.002940e-01
29,2.087680e-01
30,-2.087676e-01
31,2.087680e-01
32,-2.087676e-01
46,1.492790e-01
47,-1.492794e-01
49,2.002940e-01
50,-2.002938e-01
51,1.396300e-01
52,-1.396295e-01
54,-6.979700e-01
55,6.979700e-01
57,1.396300e-01
58,-1.396295e-01
59,-6.979700e-01
60,6.979700e-01
63,-1.492794e-01
64,1.492790e-01
68,-2.002938e-01
69,2.002940e-01
72,2.087680e-01
73,-2.087676e-01
74,2.087680e-01
75,-2.087676e-01
88,1.492790e-01
89,-1.492794e-01
91,2.002940e-01
92,-2.002938e-01
93,1.396300e-01
94,-1.396295e-01
96,-6.979700e-01
97,6.979700e-01
99,1.396300e-01
100,-1.396295e-01
101,-6.979700e-01
102,6.979700e-01
105,-1.492794e-01
106,1.492790e-01
110,-2.002938e-01
111,2.002940e-01
114,2.087680e-01
115,-2.087676e-01
116,2.087680e-01
117,-2.087676e-01
129,1.492790e-01
130,1.492790e-01
131,3.495730e-01
132,-2.002938e-01
133,2.889090e-01
134,-1.396295e-01
135,1.492790e-01
136,-5.486910e-01
137,6.979700e-01
138,1.492790e-01
139,2.889090e-01
140,-1.396295e-01
141,-5.486910e-01
142,6.979700e-01
143,1.492790e-01
144,1.492790e-01
145,1.492790e-01
146,1.492790e-01
147,1.492790e-01
148,1.492790e-01
149,-2.002938e-01
150,3.495730e-01
151,1.492790e-01
152,1.492790e-01
153,3.580470e-01
154,-2.087676e-01
155,3.580470e-01
156,-2.087676e-01
157,1.492790e-01
158,1.492790e-01
159,1.492790e-01
160,1.492790e-01
161,1.492790e-01
162,1.492790e-01
163,1.492790e-01
164,1.492790e-01
165,1.492790e-01
166,1.492790e-01
167,1.492790e-01
168,-1.492794e-01
169,-1.492794e-01
170,-1.492794e-01
171,-1.492794e-01
172,-1.492794e-01
173,-1.492794e-01
174,-1.492794e-01
175,-1.492794e-01
176,-1.492794e-01
177,-1.492794e-01
178,-1.492794e-01
179,-1.492794e-01
180,-1.492794e-01
181,-1.492794e-01
182,-1.492794e-01
183,-1.492794e-01
184,-1.492794e-01
185,-1.492794e-01
186,-1.492794e-01
187,-1.492794e-01
188,-1.492794e-01
189,-1.492794e-01
190,-1.492794e-01
191,-1.492794e-01
192,-1.492794e-01
193,-1.492794e-01
194,-1.492794e-01
195,-1.492794e-01
196,-1.492794e-01
197,-1.492794e-01
198,-1.492794e-01
200,2.002940e-01
201,-2.002938e-01
202,1.396300e-01
203,-1.396295e-01
205,-6.979700e-01
206,6.979700e-01
208,1.396300e-01
209,-1.396295e-01
210,-6.979700e-01
211,6.979700e-01
214,-1.492794e-01
215,1.492790e-01
219,-2.002938e-01
220,2.002940e-01
223,2.087680e-01
224,-2.087676e-01
225,2.087680e-01
226,-2.087676e-01
238,2.002940e-01
239,3.399230e-01
240,-1.396295e-01
241,2.002940e-01
242,-4.976755e-01
243,6.979700e-01
244,2.002940e-01
245,3.399230e-01
246,-1.396295e-01
247,-4.976755e-01
248,6.979700e-01
249,2.002940e-01
250,2.002940e-01
251,-1.492794e-01
252,3.495730e-01
253,2.002940e-01
254,2.002940e-01
255,2.002940e-01
256,2.002940e-01
257,2.002940e-01
258,2.002940e-01
259,4.090610e-01
260,-2.087676e-01
261,4.090610e-01
262,-2.087676e-01
263,2.002940e-01
264,2.002940e-01
265,2.002940e-01
266,2.002940e-01
267,2.002940e-01
268,2.002940e-01
269,2.002940e-01
270,2.002940e-01
271,2.002940e-01
272,2.002940e-01
273,2.002940e-01
274,-2.002938e-01
275,-2.002938e-01
276,-2.002938e-01
277,-2.002938e-01
278,-2.002938e-01
279,-2.002938e-01
280,-2.002938e-01
281,-2.002938e-01
282,-2.002938e-01
283,-2.002938e-01
284,-2.002938e-01
285,-2.002938e-01
286,-2.002938e-01
287,-2.002938e-01
288,-2.002938e-01
289,-2.002938e-01
290,-2.002938e-01
291,-2.002938e-01
292,-2.002938e-01
293,-2.002938e-01
294,-2.002938e-01
295,-2.002938e-01
296,-2.002938e-01
297,-2.002938e-01
298,-2.002938e-01
299,-2.002938e-01
300,-2.002938e-01
301,-2.002938e-01
302,-2.002938e-01
303,1.396300e-01
304,1.396300e-01
305,-5.583407e-01
306,6.979700e-01
307,1.396300e-01
308,1.396300e-01
309,-5.583407e-01
310,6.979700e-01
311,1.396300e-01
312,1.396300e-01
313,-1.492794e-01
314,2.889090e-01
315,1.396300e-01
316,1.396300e-01
317,1.396300e-01
318,-2.002938e-01
319,3.399230e-01
320,1.396300e-01
321,1.396300e-01
322,3.483960e-01
323,-2.087676e-01
324,3.483960e-01
325,-2.087676e-01
326,1.396300e-01
327,1.396300e-01
328,1.396300e-01
329,1.396300e-01
330,1.396300e-01
331,1.396300e-01
332,1.396300e-01
333,1.396300e-01
334,1.396300e-01
335,1.396300e-01
336,1.396300e-01
337,-1.396295e-01
338,-1.396295e-01
339,-1.396295e-01
340,-1.396295e-01
341,-1.396295e-01
342,-1.396295e-01
343,-1.396295e-01
344,-1.396295e-01
345,-1.396295e-01
346,-1.396295e-01
347,-1.396295e-01
348,-1.396295e-01
349,-1.396295e-01
350,-1.396295e-01
351,-1.396295e-01
352,-1.396295e-01
353,-1.396295e-01
354,-1.396295e-01
355,-1.396295e-01
356,-1.396295e-01
357,-1.396295e-01
358,-1.396295e-01
359,-1.396295e-01
360,-1.396295e-01
361,-1.396295e-01
362,-1.396295e-01
363,-1.396295e-01
364,-1.396295e-01
366,-6.979700e-01
367,6.979700e-01
369,1.396300e-01
370,-1.396295e-01
371,-6.979700e-01
372,6.979700e-01
375,-1.492794e-01
376,1.492790e-01
380,-2.002938e-01
381,2.002940e-01
384,2.087680e-01
385,-2.087676e-01
386,2.087680e-01
387,-2.087676e-01
399,-6.979700e-01
400,-6.979700e-01
401,-5.583407e-01
402,-1.396295e-01
403,-6.979700e-01
404,-6.979700e-01
405,-6.979700e-01
406,-1.492794e-01
407,-5.486910e-01
408,-6.979700e-01
409,-6.979700e-01
410,-6.979700e-01
411,-2.002938e-01
412,-4.976755e-01
413,-6.979700e-01
414,-6.979700e-01
415,-4.892030e-01
416,-2.087676e-01
417,-4.892030e-01
418,-2.087676e-01
419,-6.979700e-01
420,-6.979700e-01
421,-6.979700e-01
422,-6.979700e-01
423,-6.979700e-01
424,-6.979700e-01
425,-6.979700e-01
426,-6.979700e-01
427,-6.979700e-01
428,-6.979700e-01
429,-6.979700e-01
430,6.979700e-01
431,6.979700e-01
432,6.979700e-01
433,6.979700e-01
434,6.979700e-01
435,6.979700e-01
436,6.979700e-01
437,6.979700e-01
438,6.979700e-01
439,6.979700e-01
440,6.979700e-01
441,6.979700e-01
442,6.979700e-01
443,6.979700e-01
444,6.979700e-01
445,6.979700e-01
446,6.979700e-01
447,6.979700e-01
448,6.979700e-01
449,6.979700e-01
450,6.979700e-01
451,6.979700e-01
452,6.979700e-01
453,6.979700e-01
454,6.979700e-01
455,6.979700e-01
457,1.396300e-01
458,-1.396295e-01
459,-6.979700e-01
460,6.979700e-01
463,-1.492794e-01
464,1.492790e-01
468,-2.002938e-01
469,2.002940e-01
472,2.087680e-01
473,-2.087676e-01
474,2.087680e-01
475,-2.087676e-01
487,1.396300e-01
488,-5.583407e-01
489,6.979700e-01
490,1.396300e-01
491,1.396300e-01
492,-1.492794e-01
493,2.889090e-01
494,1.396300e-01
495,1.396300e-01
496,1.396300e-01
497,-2.002938e-01
498,3.399230e-01
499,1.396300e-01
500,1.396300e-01
501,3.483960e-01
502,-2.087676e-01
503,3.483960e-01
504,-2.087676e-01
505,1.396300e-01
506,1.396300e-01
507,1.396300e-01
508,1.396300e-01
509,1.396300e-01
510,1.396300e-01
511,1.396300e-01
512,1.396300e-01
513,1.396300e-01
514,1.396300e-01
515,1.396300e-01
516,-1.396295e-01
517,-1.396295e-01
518,-1.396295e-01
519,-1.396295e-01
520,-1.396295e-01
521,-1.396295e-01
522,-1.396295e-01
523,-1.396295e-01
524,-1.396295e-01
525,-1.396295e-01
526,-1.396295e-01
527,-1.396295e-01
528,-1.396295e-01
529,-1.396295e-01
530,-1.396295e-01
531,-1.396295e-01
532,-1.396295e-01
533,-1.396295e-01
534,-1.396295e-01
535,-1.396295e-01
536,-1.396295e-01
537,-1.396295e-01
538,-1.396295e-01
539,-1.396295e-01
540,-6.979700e-01
541,-6.979700e-01
542,-6.979700e-01
543,-1.492794e-01
544,-5.486910e-01
545,-6.979700e-01
546,-6.979700e-01
547,-6.979700e-01
548,-2.002938e-01
549,-4.976755e-01
550,-6.979700e-01
551,-6.979700e-01
552,-4.892030e-01
553,-2.087676e-01
554,-4.892030e-01
555,-2.087676e-01
556,-6.979700e-01
557,-6.979700e-01
558,-6.979700e-01
559,-6.979700e-01
560,-6.979700e-01
561,-6.979700e-01
562,-6.979700e-01
563,-6.979700e-01
564,-6.979700e-01
565,-6.979700e-01
566,-6.979700e-01
567,6.979700e-01
568,6.979700e-01
569,6.979700e-01
570,6.979700e-01
571,6.979700e-01
572,6.979700e-01
573,6.979700e-01
574,6.979700e-01
575,6.979700e-01
576,6.979700e-01
577,6.979700e-01
578,6.979700e-01
579,6.979700e-01
580,6.979700e-01
581,6.979700e-01
582,6.979700e-01
583,6.979700e-01
584,6.979700e-01
585,6.979700e-01
586,6.979700e-01
587,6.979700e-01
588,6.979700e-01
589,6.979700e-01
592,-1.492794e-01
593,1.492790e-01
597,-2.002938e-01
598,2.002940e-01
601,2.087680e-01
602,-2.087676e-01
603,2.087680e-01
604,-2.087676e-01
617,-1.492794e-01
618,1.492790e-01
622,-2.002938e-01
623,2.002940e-01
626,2.087680e-01
627,-2.087676e-01
628,2.087680e-01
629,-2.087676e-01
641,-1.492794e-01
642,-1.492794e-01
643,-1.492794e-01
644,-1.492794e-01
645,-1.492794e-01
646,-1.492794e-01
647,-1.492794e-01
648,-1.492794e-01
649,-1.492794e-01
650,-1.492794e-01
651,-1.492794e-01
652,-1.492794e-01
653,-1.492794e-01
654,-1.492794e-01
655,-1.492794e-01
656,-1.492794e-01
657,-1.492794e-01
658,-1.492794e-01
659,-1.492794e-01
660,-1.492794e-01
661,1.492790e-01
662,1.492790e-01
663,1.492790e-01
664,1.492790e-01
665,-2.002938e-01
666,3.495730e-01
667,1.492790e-01
668,1.492790e-01
669,3.580470e-01
670,-2.087676e-01
671,3.580470e-01
672,-2.087676e-01
673,1.492790e-01
674,1.492790e-01
675,1.492790e-01
676,1.492790e-01
677,1.492790e-01
678,1.492790e-01
679,1.492790e-01
680,1.492790e-01
681,1.492790e-01
682,1.492790e-01
683,1.492790e-01
687,-2.002938e-01
688,2.002940e-01
691,2.087680e-01
692,-2.087676e-01
693,2.087680e-01
694,-2.087676e-01
708,-2.002938e-01
709,2.002940e-01
712,2.087680e-01
713,-2.087676e-01
714,2.087680e-01
715,-2.087676e-01
728,-2.002938e-01
729,2.002940e-01
732,2.087680e-01
733,-2.087676e-01
734,2.087680e-01
735,-2.087676e-01
747,-2.002938e-01
748,-2.002938e-01
749,-2.002938e-01
750,-2.002938e-01
751,-2.002938e-01
752,-2.002938e-01
753,-2.002938e-01
754,-2.002938e-01
755,-2.002938e-01
756,-2.002938e-01
757,-2.002938e-01
758,-2.002938e-01
759,-2.002938e-01
760,-2.002938e-01
761,-2.002938e-01
762,-2.002938e-01
763,2.002940e-01
764,2.002940e-01
765,2.002940e-01
766,4.090610e-01
767,-2.087676e-01
768,4.090610e-01
769,-2.087676e-01
770,2.002940e-01
771,2.002940e-01
772,2.002940e-01
773,2.002940e-01
774,2.002940e-01
775,2.002940e-01
776,2.002940e-01
777,2.002940e-01
778,2.002940e-01
779,2.002940e-01
780,2.002940e-01
783,2.087680e-01
784,-2.087676e-01
785,2.087680e-01
786,-2.087676e-01
799,2.087680e-01
800,-2.087676e-01
801,2.087680e-01
802,-2.087676e-01
814,2.087680e-01
815,2.087680e-01
816,2.087680e-01
817,2.087680e-01
818,2.087680e-01
819,2.087680e-01
820,2.087680e-01
821,2.087680e-01
822,2.087680e-01
823,2.087680e-01
824,2.087680e-01
825,2.087680e-01
826,2.087680e-01
827,-2.087676e-01
828,-2.087676e-01
829,-2.087676e-01
830,-2.087676e-01
831,-2.087676e-01
832,-2.087676e-01
833,-2.087676e-01
834,-2.087676e-01
835,-2.087676e-01
836,-2.087676e-01
837,-2.087676e-01
838,-2.087676e-01
839,-2.087676e-01
840,2.087680e-01
841,2.087680e-01
842,2.087680e-01
843,2.087680e-01
844,2.087680e-01
845,2.087680e-01
846,2.087680e-01
847,2.087680e-01
848,2.087680e-01
849,2.087680e-01
850,2.087680e-01
851,2.087680e-01
852,-2.087676e-01
853,-2.087676e-01
854,-2.087676e-01
855,-2.087676e-01
856,-2.087676e-01
857,-2.087676e-01
858,-2.087676e-01
859,-2.087676e-01
860,-2.087676e-01
861,-2.087676e-01
862,-2.087676e-01
863,-2.087676e-01
