0.000000e+00
0.000000e+00
0.000000e+00
2.242377e-02
-2.254786e-02
0.000000e+00
3.661959e-02
-3.720047e-02
2.166765e-02
-2.270408e-02
0.000000e+00
-1.219500e-01
1.171363e-01
0.000000e+00
1.794948e-02
-2.637000e-02
-1.254538e-01
1.131311e-01
0.000000e+00
0.000000e+00
-3.020409e-02
1.432528e-02
0.000000e+00
0.000000e+00
0.000000e+00
-4.452786e-02
2.816605e-02
0.000000e+00
0.000000e+00
3.149571e-02
-4.842450e-02
3.101655e-02
-4.873141e-02
0.000000e+00
0.000000e+00
0.000000e+00
0.000000e+00
0.000000e+00
0.000000e+00
0.000000e+00
0.000000e+00
0.000000e+00
0.000000e+00
0.000000e+00
0.000000e+00
0.000000e+00
1.306464e-02
-3.133405e-02
0.000000e+00
2.701337e-02
-4.570109e-02
1.221957e-02
-3.138832e-02
0.000000e+00
-1.288146e-01
1.056156e-01
0.000000e+00
8.473524e-03
-3.488256e-02
-1.317013e-01
1.011564e-01
0.000000e+00
0.000000e+00
-3.857371e-02
4.785159e-03
0.000000e+00
0.000000e+00
0.000000e+00
-5.245408e-02
1.816344e-02
0.000000e+00
0.000000e+00
2.139418e-02
-5.606116e-02
2.083946e-02
-5.626736e-02
0.000000e+00
0.000000e+00
0.000000e+00
0.000000e+00
0.000000e+00
0.000000e+00
0.000000e+00
0.000000e+00
0.000000e+00
0.000000e+00
0.000000e+00
0.000000e+00
3.411512e-03
-3.941511e-02
0.000000e+00
1.679925e-02
-5.317327e-02
2.496506e-03
-3.936621e-02
0.000000e+00
-1.327804e-01
9.171809e-02
0.000000e+00
-1.193119e-03
-4.261014e-02
-1.349849e-01
8.690530e-02
0.000000e+00
0.000000e+00
-4.607529e-02
-4.862643e-03
0.000000e+00
0.000000e+00
0.000000e+00
-5.919989e-02
7.752089e-03
0.000000e+00
0.000000e+00
1.081122e-02
-6.243623e-02
1.019341e-02
-6.253710e-02
0.000000e+00
0.000000e+00
0.000000e+00
0.000000e+00
0.000000e+00
0.000000e+00
0.000000e+00
0.000000e+00
0.000000e+00
0.000000e+00
0.000000e+00
-6.318390e-03
-6.318390e-03
2.666410e-02
-5.974434e-02
1.289721e-02
-4.679057e-02
-7.167845e-03
-1.150241e-01
7.763816e-02
-9.838752e-03
9.692844e-03
-4.924223e-02
-1.166925e-01
7.356511e-02
-1.278206e-02
-1.278206e-02
-1.278206e-02
-1.278206e-02
-1.278206e-02
-1.278206e-02
-6.384301e-02
1.817217e-02
-1.333052e-02
-1.333052e-02
2.091598e-02
-6.699296e-02
2.006774e-02
-6.724705e-02
-1.456883e-02
-1.456883e-02
-1.456883e-02
-1.456883e-02
-1.456883e-02
-1.456883e-02
-1.456883e-02
-1.456883e-02
-1.456883e-02
-1.456883e-02
-1.456883e-02
-5.146823e-02
-5.146823e-02
-5.146823e-02
-5.146823e-02
-5.146823e-02
-5.146823e-02
-5.146823e-02
-5.146823e-02
-5.146823e-02
-5.146823e-02
-5.146823e-02
-5.146823e-02
-5.146823e-02
-5.146823e-02
-5.146823e-02
-5.146823e-02
-5.146823e-02
-5.146823e-02
-5.146823e-02
-5.146823e-02
-5.146823e-02
-5.146823e-02
-5.146823e-02
-5.146823e-02
-5.146823e-02
-5.146823e-02
-5.146823e-02
-5.146823e-02
-5.146823e-02
-5.146823e-02
-5.146823e-02
0.000000e+00
-1.443380e-02
-6.030098e-02
-2.399412e-02
-5.115635e-02
0.000000e+00
-1.114536e-01
3.268497e-02
0.000000e+00
-2.664744e-02
-5.295469e-02
-1.113122e-01
2.808638e-02
0.000000e+00
0.000000e+00
-5.498589e-02
-2.938556e-02
0.000000e+00
0.000000e+00
0.000000e+00
-6.294611e-02
-2.183348e-02
0.000000e+00
0.000000e+00
-1.996599e-02
-6.441803e-02
-2.060341e-02
-6.421416e-02
0.000000e+00
0.000000e+00
0.000000e+00
0.000000e+00
0.000000e+00
0.000000e+00
0.000000e+00
0.000000e+00
0.000000e+00
0.000000e+00
0.000000e+00
-2.303626e-02
-1.124116e-02
-5.430482e-02
-2.340004e-02
-8.677483e-02
1.858621e-02
-2.489388e-02
-1.359576e-02
-5.481666e-02
-8.621086e-02
1.505892e-02
-2.670349e-02
-2.670349e-02
-5.550412e-02
-1.634732e-02
-2.706346e-02
-2.706346e-02
-2.706346e-02
-2.706346e-02
-2.706346e-02
-2.706346e-02
-8.703938e-03
-6.212118e-02
-9.600257e-03
-6.198266e-02
-2.814954e-02
-2.814954e-02
-2.814954e-02
-2.814954e-02
-2.814954e-02
-2.814954e-02
-2.814954e-02
-2.814954e-02
-2.814954e-02
-2.814954e-02
-2.814954e-02
-5.769821e-02
-5.769821e-02
-5.769821e-02
-5.769821e-02
-5.769821e-02
-5.769821e-02
-5.769821e-02
-5.769821e-02
-5.769821e-02
-5.769821e-02
-5.769821e-02
-5.769821e-02
-5.769821e-02
-5.769821e-02
-5.769821e-02
-5.769821e-02
-5.769821e-02
-5.769821e-02
-5.769821e-02
-5.769821e-02
-5.769821e-02
-5.769821e-02
-5.769821e-02
-5.769821e-02
-5.769821e-02
-5.769821e-02
-5.769821e-02
-5.769821e-02
-5.769821e-02
-4.618064e-02
-4.618064e-02
-6.854631e-02
-2.975813e-02
-4.684286e-02
-4.684286e-02
-6.633289e-02
-3.271154e-02
-4.743575e-02
-4.743575e-02
-5.352268e-02
-4.481444e-02
-4.760598e-02
-4.760598e-02
-4.760598e-02
-5.389773e-02
-4.431497e-02
-4.779658e-02
-4.779658e-02
-4.447010e-02
-5.239736e-02
-4.513163e-02
-5.182757e-02
-4.815349e-02
-4.815349e-02
-4.815349e-02
-4.815349e-02
-4.815349e-02
-4.815349e-02
-4.815349e-02
-4.815349e-02
-4.815349e-02
-4.815349e-02
-4.815349e-02
-4.787417e-02
-4.787417e-02
-4.787417e-02
-4.787417e-02
-4.787417e-02
-4.787417e-02
-4.787417e-02
-4.787417e-02
-4.787417e-02
-4.787417e-02
-4.787417e-02
-4.787417e-02
-4.787417e-02
-4.787417e-02
-4.787417e-02
-4.787417e-02
-4.787417e-02
-4.787417e-02
-4.787417e-02
-4.787417e-02
-4.787417e-02
-4.787417e-02
-4.787417e-02
-4.787417e-02
-4.787417e-02
-4.787417e-02
-4.787417e-02
-4.787417e-02
0.000000e+00
-3.082977e-02
-7.344115e-02
0.000000e+00
-5.511969e-02
-4.665026e-02
-2.708232e-02
-7.575363e-02
0.000000e+00
0.000000e+00
-4.557855e-02
-5.524031e-02
0.000000e+00
0.000000e+00
0.000000e+00
-4.209007e-02
-5.880477e-02
0.000000e+00
0.000000e+00
-5.959202e-02
-4.017998e-02
-5.998960e-02
-3.958638e-02
0.000000e+00
0.000000e+00
0.000000e+00
0.000000e+00
0.000000e+00
0.000000e+00
0.000000e+00
0.000000e+00
0.000000e+00
0.000000e+00
0.000000e+00
-1.850641e-02
-1.850641e-02
-2.434534e-02
-4.493102e-02
-1.788964e-02
-1.788964e-02
-1.788964e-02
-4.550598e-02
-2.371679e-02
-1.726833e-02
-1.726833e-02
-1.726833e-02
-4.215278e-02
-2.782079e-02
-1.670194e-02
-1.670194e-02
-2.900103e-02
-4.178471e-02
-2.878864e-02
-4.193105e-02
-1.557631e-02
-1.557631e-02
-1.557631e-02
-1.557631e-02
-1.557631e-02
-1.557631e-02
-1.557631e-02
-1.557631e-02
-1.557631e-02
-1.557631e-02
-1.557631e-02
-9.941680e-02
-9.941680e-02
-9.941680e-02
-9.941680e-02
-9.941680e-02
-9.941680e-02
-9.941680e-02
-9.941680e-02
-9.941680e-02
-9.941680e-02
-9.941680e-02
-9.941680e-02
-9.941680e-02
-9.941680e-02
-9.941680e-02
-9.941680e-02
-9.941680e-02
-9.941680e-02
-9.941680e-02
-9.941680e-02
-9.941680e-02
-9.941680e-02
-9.941680e-02
-9.941680e-02
-9.941680e-02
-9.941680e-02
0.000000e+00
-3.347949e-02
-3.899181e-03
6.249600e-02
-9.802376e-02
0.000000e+00
0.000000e+00
-1.199174e-03
-3.139881e-02
0.000000e+00
0.000000e+00
0.000000e+00
8.673450e-03
-4.101906e-02
0.000000e+00
0.000000e+00
-4.330417e-02
1.175895e-02
-4.318782e-02
1.218629e-02
0.000000e+00
0.000000e+00
0.000000e+00
0.000000e+00
0.000000e+00
0.000000e+00
0.000000e+00
0.000000e+00
0.000000e+00
0.000000e+00
0.000000e+00
-3.068636e-02
5.341091e-02
-9.799978e-02
-2.868609e-02
-2.868609e-02
2.738209e-03
-4.447963e-02
-2.854798e-02
-2.854798e-02
-2.854798e-02
1.390256e-02
-5.487858e-02
-2.819820e-02
-2.819820e-02
-5.759311e-02
1.814565e-02
-5.736402e-02
1.886988e-02
-2.734525e-02
-2.734525e-02
-2.734525e-02
-2.734525e-02
-2.734525e-02
-2.734525e-02
-2.734525e-02
-2.734525e-02
-2.734525e-02
-2.734525e-02
-2.734525e-02
7.166269e-03
7.166269e-03
7.166269e-03
7.166269e-03
7.166269e-03
7.166269e-03
7.166269e-03
7.166269e-03
7.166269e-03
7.166269e-03
7.166269e-03
7.166269e-03
7.166269e-03
7.166269e-03
7.166269e-03
7.166269e-03
7.166269e-03
7.166269e-03
7.166269e-03
7.166269e-03
7.166269e-03
7.166269e-03
7.166269e-03
7.166269e-03
8.246770e-02
8.246770e-02
8.246770e-02
1.041132e-02
6.604381e-02
8.215784e-02
8.215784e-02
8.215784e-02
2.390050e-02
5.672876e-02
8.165103e-02
8.165103e-02
5.526167e-02
2.842976e-02
5.511716e-02
2.870993e-02
8.053179e-02
8.053179e-02
8.053179e-02
8.053179e-02
8.053179e-02
8.053179e-02
8.053179e-02
8.053179e-02
8.053179e-02
8.053179e-02
8.053179e-02
-4.769638e-02
-4.769638e-02
-4.769638e-02
-4.769638e-02
-4.769638e-02
-4.769638e-02
-4.769638e-02
-4.769638e-02
-4.769638e-02
-4.769638e-02
-4.769638e-02
-4.769638e-02
-4.769638e-02
-4.769638e-02
-4.769638e-02
-4.769638e-02
-4.769638e-02
-4.769638e-02
-4.769638e-02
-4.769638e-02
-4.769638e-02
-4.769638e-02
-4.769638e-02
0.000000e+00
0.000000e+00
4.772690e-02
1.823496e-02
0.000000e+00
0.000000e+00
0.000000e+00
5.701120e-02
9.366691e-03
0.000000e+00
0.000000e+00
7.195908e-03
5.902581e-02
7.779965e-03
5.894883e-02
0.000000e+00
0.000000e+00
0.000000e+00
0.000000e+00
0.000000e+00
0.000000e+00
0.000000e+00
0.000000e+00
0.000000e+00
0.000000e+00
0.000000e+00
0.000000e+00
4.780011e-02
1.977652e-02
0.000000e+00
0.000000e+00
0.000000e+00
5.660427e-02
1.137617e-02
0.000000e+00
0.000000e+00
9.316507e-03
5.846856e-02
9.895051e-03
5.837065e-02
0.000000e+00
0.000000e+00
0.000000e+00
0.000000e+00
0.000000e+00
0.000000e+00
0.000000e+00
0.000000e+00
0.000000e+00
0.000000e+00
0.000000e+00
4.781424e-02
4.781424e-02
4.781424e-02
4.781424e-02
4.781424e-02
4.781424e-02
4.781424e-02
4.781424e-02
4.781424e-02
4.781424e-02
4.781424e-02
4.781424e-02
4.781424e-02
4.781424e-02
4.781424e-02
4.781424e-02
4.781424e-02
4.781424e-02
4.781424e-02
4.781424e-02
2.632056e-02
2.632056e-02
2.632056e-02
2.632056e-02
5.390905e-02
9.825580e-03
2.666957e-02
2.666957e-02
8.551876e-03
5.481064e-02
9.245869e-03
5.469357e-02
2.742625e-02
2.742625e-02
2.742625e-02
2.742625e-02
2.742625e-02
2.742625e-02
2.742625e-02
2.742625e-02
2.742625e-02
2.742625e-02
2.742625e-02
0.000000e+00
0.000000e+00
0.000000e+00
5.102830e-02
2.217641e-02
0.000000e+00
0.000000e+00
2.086869e-02
5.192842e-02
2.138252e-02
5.171684e-02
0.000000e+00
0.000000e+00
0.000000e+00
0.000000e+00
0.000000e+00
0.000000e+00
0.000000e+00
0.000000e+00
0.000000e+00
0.000000e+00
0.000000e+00
0.000000e+00
0.000000e+00
5.046952e-02
2.359921e-02
0.000000e+00
0.000000e+00
2.238253e-02
5.125074e-02
2.288965e-02
5.102424e-02
0.000000e+00
0.000000e+00
0.000000e+00
0.000000e+00
0.000000e+00
0.000000e+00
0.000000e+00
0.000000e+00
0.000000e+00
0.000000e+00
0.000000e+00
0.000000e+00
4.986864e-02
2.500233e-02
0.000000e+00
0.000000e+00
2.387769e-02
5.053029e-02
2.437769e-02
5.028907e-02
0.000000e+00
0.000000e+00
0.000000e+00
0.000000e+00
0.000000e+00
0.000000e+00
0.000000e+00
0.000000e+00
0.000000e+00
0.000000e+00
0.000000e+00
4.922615e-02
4.922615e-02
4.922615e-02
4.922615e-02
4.922615e-02
4.922615e-02
4.922615e-02
4.922615e-02
4.922615e-02
4.922615e-02
4.922615e-02
4.922615e-02
4.922615e-02
4.922615e-02
4.922615e-02
4.922615e-02
3.307976e-02
3.307976e-02
3.307976e-02
2.476059e-02
4.866496e-02
2.546275e-02
4.829757e-02
3.375059e-02
3.375059e-02
3.375059e-02
3.375059e-02
3.375059e-02
3.375059e-02
3.375059e-02
3.375059e-02
3.375059e-02
3.375059e-02
3.375059e-02
0.000000e+00
0.000000e+00
3.326925e-02
4.444845e-02
3.370906e-02
4.411490e-02
0.000000e+00
0.000000e+00
0.000000e+00
0.000000e+00
0.000000e+00
0.000000e+00
0.000000e+00
0.000000e+00
0.000000e+00
0.000000e+00
0.000000e+00
0.000000e+00
3.414558e-02
4.377703e-02
3.457875e-02
4.343488e-02
0.000000e+00
0.000000e+00
0.000000e+00
0.000000e+00
0.000000e+00
0.000000e+00
0.000000e+00
0.000000e+00
0.000000e+00
0.000000e+00
0.000000e+00
3.500854e-02
3.500854e-02
3.500854e-02
3.500854e-02
3.500854e-02
3.500854e-02
3.500854e-02
3.500854e-02
3.500854e-02
3.500854e-02
3.500854e-02
3.500854e-02
3.500854e-02
3.893158e-02
3.893158e-02
3.893158e-02
3.893158e-02
3.893158e-02
3.893158e-02
3.893158e-02
3.893158e-02
3.893158e-02
3.893158e-02
3.893158e-02
3.893158e-02
3.893158e-02
4.001648e-02
4.001648e-02
4.001648e-02
4.001648e-02
4.001648e-02
4.001648e-02
4.001648e-02
4.001648e-02
4.001648e-02
4.001648e-02
4.001648e-02
4.001648e-02
3.418004e-02
3.418004e-02
3.418004e-02
3.418004e-02
3.418004e-02
3.418004e-02
3.418004e-02
3.418004e-02
3.418004e-02
3.418004e-02
3.418004e-02
3.418004e-02
0.000000e+00
0.000000e+00
0.000000e+00
0.000000e+00
0.000000e+00
0.000000e+00
0.000000e+00
0.000000e+00
0.000000e+00
0.000000e+00
0.000000e+00
0.000000e+00
0.000000e+00
0.000000e+00
0.000000e+00
0.000000e+00
0.000000e+00
0.000000e+00
0.000000e+00
0.000000e+00
0.000000e+00
0.000000e+00
0.000000e+00
0.000000e+00
0.000000e+00
0.000000e+00
0.000000e+00
0.000000e+00
0.000000e+00
0.000000e+00
0.000000e+00
0.000000e+00
0.000000e+00
0.000000e+00
0.000000e+00
0.000000e+00
0.000000e+00
0.000000e+00
0.000000e+00
0.000000e+00
0.000000e+00
0.000000e+00
0.000000e+00
0.000000e+00
0.000000e+00
0.000000e+00
0.000000e+00
0.000000e+00
0.000000e+00
0.000000e+00
0.000000e+00
0.000000e+00
0.000000e+00
0.000000e+00
0.000000e+00
0.000000e+00
0.000000e+00
0.000000e+00
0.000000e+00
0.000000e+00
0.000000e+00
0.000000e+00
0.000000e+00
0.000000e+00
0.000000e+00
0.000000e+00
