3,1.273900e-01
4,-1.273897e-01
6,2.530680e-01
7,-2.530682e-01
8,1.333980e-01
9,-1.333975e-01
11,-7.998361e-01
12,7.998360e-01
14,1.333980e-01
15,-1.333975e-01
16,-7.998361e-01
17,7.998360e-01
20,-1.273897e-01
21,1.273900e-01
25,-2.530682e-01
26,2.530680e-01
29,2.859800e-01
30,-2.859797e-01
31,2.859800e-01
32,-2.859797e-01
46,1.273900e-01
47,-1.273897e-01
49,2.530680e-01
50,-2.530682e-01
51,1.333980e-01
52,-1.333975e-01
54,-7.998361e-01
55,7.998360e-01
57,1.333980e-01
58,-1.333975e-01
59,-7.998361e-01
60,7.998360e-01
63,-1.273897e-01
64,1.273900e-01
68,-2.530682e-01
69,2.530680e-01
72,2.859800e-01
73,-2.859797e-01
74,2.859800e-01
75,-2.859797e-01
88,1.273900e-01
89,-1.273897e-01
91,2.530680e-01
92,-2.530682e-01
93,1.333980e-01
94,-1.333975e-01
96,-7.998361e-01
97,7.998360e-01
99,1.333980e-01
100,-1.333975e-01
101,-7.998361e-01
102,7.998360e-01
105,-1.273897e-01
106,1.273900e-01
110,-2.530682e-01
111,2.530680e-01
114,2.859800e-01
115,-2.859797e-01
116,2.859800e-01
117,-2.859797e-01
129,1.273900e-01
130,1.273900e-01
131,3.804580e-01
132,-2.530682e-01
133,2.607870e-01
134,-1.333975e-01
135,1.273900e-01
136,-6.724464e-01
137,7.998360e-01
138,1.273900e-01
139,2.607870e-01
140,-1.333975e-01
141,-6.724464e-01
142,7.998360e-01
143,1.273900e-01
144,1.273900e-01
145,1.273900e-01
146,1.273900e-01
147,1.273900e-01
148,1.273900e-01
149,-2.530682e-01
150,3.804580e-01
151,1.273900e-01
152,1.273900e-01
153,4.133690e-01
154,-2.859797e-01
155,4.133690e-01
156,-2.859797e-01
157,1.273900e-01
158,1.273900e-01
159,1.273900e-01
160,1.273900e-01
161,1.273900e-01
162,1.273900e-01
163,1.273900e-01
164,1.273900e-01
165,1.273900e-01
166,1.273900e-01
167,1.273900e-01
168,-1.273897e-01
169,-1.273897e-01
170,-1.273897e-01
171,-1.273897e-01
172,-1.273897e-01
173,-1.273897e-01
174,-1.273897e-01
175,-1.273897e-01
176,-1.273897e-01
177,-1.273897e-01
178,-1.273897e-01
179,-1.273897e-01
180,-1.273897e-01
181,-1.273897e-01
182,-1.273897e-01
183,-1.273897e-01
184,-1.273897e-01
185,-1.273897e-01
186,-1.273897e-01
187,-1.273897e-01
188,-1.273897e-01
189,-1.273897e-01
190,-1.273897e-01
191,-1.273897e-01
192,-1.273897e-01
193,-1.273897e-01
194,-1.273897e-01
195,-1.273897e-01
196,-1.273897e-01
197,-1.273897e-01
198,-1.273897e-01
200,2.530680e-01
201,-2.530682e-01
202,1.333980e-01
203,-1.333975e-01
205,-7.998361e-01
206,7.998360e-01
208,1.333980e-01
209,-1.333975e-01
210,-7.998361e-01
211,7.998360e-01
214,-1.273897e-01
215,1.273900e-01
219,-2.530682e-01
220,2.530680e-01
223,2.859800e-01
224,-2.859797e-01
225,2.859800e-01
226,-2.859797e-01
238,2.530680e-01
239,3.864660e-01
240,-1.333975e-01
241,2.530680e-01
242,-5.467679e-01
243,7.998360e-01
244,2.530680e-01
245,3.864660e-01
246,-1.333975e-01
247,-5.467679e-01
248,7.998360e-01
249,2.530680e-01
250,2.530680e-01
251,-1.273897e-01
252,3.804580e-01
253,2.530680e-01
254,2.530680e-01
255,2.530680e-01
256,2.530680e-01
257,2.530680e-01
258,2.530680e-01
259,5.390480e-01
260,-2.859797e-01
261,5.390480e-01
262,-2.859797e-01
263,2.530680e-01
264,2.530680e-01
265,2.530680e-01
266,2.530680e-01
267,2.530680e-01
268,2.530680e-01
269,2.530680e-01
270,2.530680e-01
271,2.530680e-01
272,2.530680e-01
273,2.530680e-01
274,-2.530682e-01
275,-2.530682e-01
276,-2.530682e-01
277,-2.530682e-01
278,-2.530682e-01
279,-2.530682e-01
280,-2.530682e-01
281,-2.530682e-01
282,-2.530682e-01
283,-2.530682e-01
284,-2.530682e-01
285,-2.530682e-01
286,-2.530682e-01
287,-2.530682e-01
288,-2.530682e-01
289,-2.530682e-01
290,-2.530682e-01
291,-2.530682e-01
292,-2.530682e-01
293,-2.530682e-01
294,-2.530682e-01
295,-2.530682e-01
296,-2.530682e-01
297,-2.530682e-01
298,-2.530682e-01
299,-2.530682e-01
300,-2.530682e-01
301,-2.530682e-01
302,-2.530682e-01
303,1.333980e-01
304,1.333980e-01
305,-6.664375e-01
306,7.998360e-01
307,1.333980e-01
308,1.333980e-01
309,-6.664375e-01
310,7.998360e-01
311,1.333980e-01
312,1.333980e-01
313,-1.273897e-01
314,2.607870e-01
315,1.333980e-01
316,1.333980e-01
317,1.333980e-01
318,-2.530682e-01
319,3.864660e-01
320,1.333980e-01
321,1.333980e-01
322,4.193780e-01
323,-2.859797e-01
324,4.193780e-01
325,-2.859797e-01
326,1.333980e-01
327,1.333980e-01
328,1.333980e-01
329,1.333980e-01
330,1.333980e-01
331,1.333980e-01
332,1.333980e-01
333,1.333980e-01
334,1.333980e-01
335,1.333980e-01
336,1.333980e-01
337,-1.333975e-01
338,-1.333975e-01
339,-1.333975e-01
340,-1.333975e-01
341,-1.333975e-01
342,-1.333975e-01
343,-1.333975e-01
344,-1.333975e-01
345,-1.333975e-01
346,-1.333975e-01
347,-1.333975e-01
348,-1.333975e-01
349,-1.333975e-01
350,-1.333975e-01
351,-1.333975e-01
352,-1.333975e-01
353,-1.333975e-01
354,-1.333975e-01
355,-1.333975e-01
356,-1.333975e-01
357,-1.333975e-01
358,-1.333975e-01
359,-1.333975e-01
360,-1.333975e-01
361,-1.333975e-01
362,-1.333975e-01
363,-1.333975e-01
364,-1.333975e-01
366,-7.998361e-01
367,7.998360e-01
369,1.333980e-01
370,-1.333975e-01
371,-7.998361e-01
372,7.998360e-01
375,-1.273897e-01
376,1.273900e-01
380,-2.530682e-01
381,2.530680e-01
384,2.859800e-01
385,-2.859797e-01
386,2.859800e-01
387,-2.859797e-01
399,-7.998361e-01
400,-7.998361e-01
401,-6.664375e-01
402,-1.333975e-01
403,-7.998361e-01
404,-7.998361e-01
405,-7.998361e-01
406,-1.273897e-01
407,-6.724464e-01
408,-7.998361e-01
409,-7.998361e-01
410,-7.998361e-01
411,-2.530682e-01
412,-5.467679e-01
413,-7.998361e-01
414,-7.998361e-01
415,-5.138554e-01
416,-2.859797e-01
417,-5.138554e-01
418,-2.859797e-01
419,-7.998361e-01
420,-7.998361e-01
421,-7.998361e-01
422,-7.998361e-01
423,-7.998361e-01
424,-7.998361e-01
425,-7.998361e-01
426,-7.998361e-01
427,-7.998361e-01
428,-7.998361e-01
429,-7.998361e-01
430,7.998360e-01
431,7.998360e-01
432,7.998360e-01
433,7.998360e-01
434,7.998360e-01
435,7.998360e-01
436,7.998360e-01
437,7.998360e-01
438,7.998360e-01
439,7.998360e-01
440,7.998360e-01
441,7.998360e-01
442,7.998360e-01
443,7.998360e-01
444,7.998360e-01
445,7.998360e-01
446,7.998360e-01
447,7.998360e-01
448,7.998360e-01
449,7.998360e-01
450,7.998360e-01
451,7.998360e-01
452,7.998360e-01
453,7.998360e-01
454,7.998360e-01
455,7.998360e-01
457,1.333980e-01
458,-1.333975e-01
459,-7.998361e-01
460,7.998360e-01
463,-1.273897e-01
464,1.273900e-01
468,-2.530682e-01
469,2.530680e-01
472,2.859800e-01
473,-2.859797e-01
474,2.859800e-01
475,-2.859797e-01
487,1.333980e-01
488,-6.664375e-01
489,7.998360e-01
490,1.333980e-01
491,1.333980e-01
492,-1.273897e-01
493,2.607870e-01
494,1.333980e-01
495,1.333980e-01
496,1.333980e-01
497,-2.530682e-01
498,3.864660e-01
499,1.333980e-01
500,1.333980e-01
501,4.193780e-01
502,-2.859797e-01
503,4.193780e-01
504,-2.859797e-01
505,1.333980e-01
506,1.333980e-01
507,1.333980e-01
508,1.333980e-01
509,1.333980e-01
510,1.333980e-01
511,1.333980e-01
512,1.333980e-01
513,1.333980e-01
514,1.333980e-01
515,1.333980e-01
516,-1.333975e-01
517,-1.333975e-01
518,-1.333975e-01
519,-1.333975e-01
520,-1.333975e-01
521,-1.333975e-01
522,-1.333975e-01
523,-1.333975e-01
524,-1.333975e-01
525,-1.333975e-01
526,-1.333975e-01
527,-1.333975e-01
528,-1.333975e-01
529,-1.333975e-01
530,-1.333975e-01
531,-1.333975e-01
532,-1.333975e-01
533,-1.333975e-01
534,-1.333975e-01
535,-1.333975e-01
536,-1.333975e-01
537,-1.333975e-01
538,-1.333975e-01
539,-1.333975e-01
540,-7.998361e-01
541,-7.998361e-01
542,-7.998361e-01
543,-1.273897e-01
544,-6.724464e-01
545,-7.998361e-01
546,-7.998361e-01
547,-7.998361e-01
548,-2.530682e-01
549,-5.467679e-01
550,-7.998361e-01
551,-7.998361e-01
552,-5.138554e-01
553,-2.859797e-01
554,-5.138554e-01
555,-2.859797e-01
556,-7.998361e-01
557,-7.998361e-01
558,-7.998361e-01
559,-7.998361e-01
560,-7.998361e-01
561,-7.998361e-01
562,-7.998361e-01
563,-7.998361e-01
564,-7.998361e-01
565,-7.998361e-01
566,-7.998361e-01
567,7.998360e-01
568,7.998360e-01
569,7.998360e-01
570,7.998360e-01
571,7.998360e-01
572,7.998360e-01
573,7.998360e-01
574,7.998360e-01
575,7.998360e-01
576,7.998360e-01
577,7.998360e-01
578,7.998360e-01
579,7.998360e-01
580,7.998360e-01
581,7.998360e-01
582,7.998360e-01
583,7.998360e-01
584,7.998360e-01
585,7.998360e-01
586,7.998360e-01
587,7.998360e-01
588,7.998360e-01
589,7.998360e-01
592,-1.273897e-01
593,1.273900e-01
597,-2.530682e-01
598,2.530680e-01
601,2.859800e-01
602,-2.859797e-01
603,2.859800e-01
604,-2.859797e-01
617,-1.273897e-01
618,1.273900e-01
622,-2.530682e-01
623,2.530680e-01
626,2.859800e-01
627,-2.859797e-01
628,2.859800e-01
629,-2.859797e-01
641,-1.273897e-01
642,-1.273897e-01
643,-1.273897e-01
644,-1.273897e-01
645,-1.273897e-01
646,-1.273897e-01
647,-1.273897e-01
648,-1.273897e-01
649,-1.273897e-01
650,-1.273897e-01
651,-1.273897e-01
652,-1.273897e-01
653,-1.273897e-01
654,-1.273897e-01
655,-1.273897e-01
656,-1.273897e-01
657,-1.273897e-01
658,-1.273897e-01
659,-1.273897e-01
660,-1.273897e-01
661,1.273900e-01
662,1.273900e-01
663,1.273900e-01
664,1.273900e-01
665,-2.530682e-01
666,3.804580e-01
667,1.273900e-01
668,1.273900e-01
669,4.133690e-01
670,-2.859797e-01
671,4.133690e-01
672,-2.859797e-01
673,1.273900e-01
674,1.273900e-01
675,1.273900e-01
676,1.273900e-01
677,1.273900e-01
678,1.273900e-01
679,1.273900e-01
680,1.273900e-01
681,1.273900e-01
682,1.273900e-01
683,1.273900e-01
687,-2.530682e-01
688,2.530680e-01
691,2.859800e-01
692,-2.859797e-01
693,2.859800e-01
694,-2.859797e-01
708,-2.530682e-01
709,2.530680e-01
712,2.859800e-01
713,-2.859797e-01
714,2.859800e-01
715,-2.859797e-01
728,-2.530682e-01
729,2.530680e-01
732,2.859800e-01
733,-2.859797e-01
734,2.859800e-01
735,-2.859797e-01
747,-2.530682e-01
748,-2.530682e-01
749,-2.530682e-01
750,-2.530682e-01
751,-2.530682e-01
752,-2.530682e-01
753,-2.530682e-01
754,-2.530682e-01
755,-2.530682e-01
756,-2.530682e-01
757,-2.530682e-01
758,-2.530682e-01
759,-2.530682e-01
760,-2.530682e-01
761,-2.530682e-01
762,-2.530682e-01
763,2.530680e-01
764,2.530680e-01
765,2.530680e-01
766,5.390480e-01
767,-2.859797e-01
768,5.390480e-01
769,-2.859797e-01
770,2.530680e-01
771,2.530680e-01
772,2.530680e-01
773,2.530680e-01
774,2.530680e-01
775,2.530680e-01
776,2.530680e-01
777,2.530680e-01
778,2.530680e-01
779,2.530680e-01
780,2.530680e-01
783,2.859800e-01
784,-2.859797e-01
785,2.859800e-01
786,-2.859797e-01
799,2.859800e-01
800,-2.859797e-01
801,2.859800e-01
802,-2.859797e-01
814,2.859800e-01
815,2.859800e-01
816,2.859800e-01
817,2.859800e-01
818,2.859800e-01
819,2.859800e-01
820,2.859800e-01
821,2.859800e-01
822,2.859800e-01
823,2.859800e-01
824,2.859800e-01
825,2.859800e-01
826,2.859800e-01
827,-2.859797e-01
828,-2.859797e-01
829,-2.859797e-01
830,-2.859797e-01
831,-2.859797e-01
832,-2.859797e-01
833,-2.859797e-01
834,-2.859797e-01
835,-2.859797e-01
836,-2.859797e-01
837,-2.859797e-01
838,-2.859797e-01
839,-2.859797e-01
840,2.859800e-01
841,2.859800e-01
842,2.859800e-01
843,2.859800e-01
844,2.859800e-01
845,2.859800e-01
846,2.859800e-01
847,2.859800e-01
848,2.859800e-01
849,2.859800e-01
850,2.859800e-01
851,2.859800e-01
852,-2.859797e-01
853,-2.859797e-01
854,-2.859797e-01
855,-2.859797e-01
856,-2.859797e-01
857,-2.859797e-01
858,-2.859797e-01
859,-2.859797e-01
860,-2.859797e-01
861,-2.859797e-01
862,-2.859797e-01
863,-2.859797e-01
